height: 640
width: 480
distortion_model: plumb_bob
D: [0.0, 0.0, 0.0, 0.0, 0.0]
K: [565.6008952774197, 0.0, 320.5, 0.0, 565.6008952774197, 240.5, 0.0, 0.0, 1.0]
R: [1.0, 0.0, 0.0, 0.0, 1.0, 0.0, 0.0, 0.0, 1.0]
P:
  [565.6008952774197, 0.0, 320.5, -0.0, 0.0, 565.6008952774197, 240.5, 0.0, 0.0, 0.0, 1.0, 0.0]
